-33.88368860905972 137.8125
-28.7899742528717 137.8125
-23.946438308157497 137.8125
-19.312695101870816 137.8125
-14.848466621832952 137.8125
-10.514376589981307 137.8125
-6.272187441778288 137.8125
-2.084680032732918 137.8125
2.084680032732918 137.8125
6.272187441778288 137.8125
10.514376589981307 137.8125
14.848466621832944 137.8125
19.312695101870816 137.8125
23.946438308157504 137.8125
28.7899742528717 137.8125
33.88368860905972 137.8125
-36.05405165070557 143.4375
-30.782227636952683 143.4375
-25.707283219655967 143.4375
-20.801226954695544 143.4375
-16.03424086141661 143.4375
-11.375642953870745 143.4375
-6.794452466402868 143.4375
-2.2596650645717444 143.4375
2.2596650645717444 143.4375
6.794452466402868 143.4375
11.375642953870745 143.4375
16.034240861416603 143.4375
20.801226954695544 143.4375
25.707283219655977 143.4375
30.782227636952683 143.4375
36.05405165070557 143.4375
-37.861490974827554 149.0625
-32.46186288096057 149.0625
-27.20782031270064 149.0625
-22.081185244379903 149.0625
-17.061260664577347 149.0625
-12.125656081832071 149.0625
-7.250899446968249 149.0625
-2.4128737715579613 149.0625
2.4128737715579613 149.0625
7.250899446968249 149.0625
12.125656081832071 149.0625
17.061260664577347 149.0625
22.081185244379903 149.0625
27.207820312700655 149.0625
32.46186288096057 149.0625
37.861490974827554 149.0625
-39.3287272628142 154.6875
-33.83964534581958 154.6875
-28.450178190933425 154.6875
-23.149376657350757 154.6875
-17.92393263511027 154.6875
-12.758754943423874 154.6875
-7.637468942622245 154.6875
-2.5428431060921692 154.6875
2.5428431060921692 154.6875
7.637468942622245 154.6875
12.758754943423874 154.6875
17.923932635110262 154.6875
23.149376657350757 154.6875
28.450178190933432 154.6875
33.83964534581958 154.6875
39.3287272628142 154.6875
-40.476307838731564 160.3125
-34.92646870833732 160.3125
-29.437766532441632 160.3125
-24.004231311580213 160.3125
-18.618148961652704 160.3125
-13.270397143721238 160.3125
-7.9507770372424265 160.3125
-2.648334001213316 160.3125
2.648334001213316 160.3125
7.9507770372424265 160.3125
13.270397143721238 160.3125
18.618148961652697 160.3125
24.004231311580213 160.3125
29.43776653244164 160.3125
34.92646870833732 160.3125
40.476307838731564 160.3125
-41.3214526364924 165.9375
-35.73215423808079 165.9375
-30.174334024924995 165.9375
-24.645212907022042 165.9375
-19.14100485553162 165.9375
-13.657075830111863 165.9375
-8.188119267790603 165.9375
-2.728342219775004 165.9375
2.728342219775004 165.9375
8.188119267790603 165.9375
13.657075830111863 165.9375
19.141004855531612 165.9375
24.645212907022042 165.9375
30.174334024925002 165.9375
35.73215423808079 165.9375
41.3214526364924 165.9375
-41.87741230453272 171.5625
-36.26464002012332 171.5625
-30.663260121429314 171.5625
-25.0723387611428 171.5625
-19.490552422108824 171.5625
-13.91624079953002 171.5625
-8.347470481467246 171.5625
-2.7821070215021315 171.5625
2.7821070215021315 171.5625
8.347470481467246 171.5625
13.91624079953002 171.5625
19.490552422108816 171.5625
25.0723387611428 171.5625
30.66326012142932 171.5625
36.26464002012332 171.5625
41.87741230453272 171.5625
-42.15313986422044 177.1875
-36.529464132214336 177.1875
-30.90705729144059 177.1875
-25.285819362222316 177.1875
-19.66560559419515 177.1875
-14.046232055660166 177.1875
-8.42748270180367 177.1875
-2.8091176502140462 177.1875
2.8091176502140462 177.1875
8.42748270180367 177.1875
14.046232055660166 177.1875
19.665605594195142 177.1875
25.285819362222316 177.1875
30.9070572914406 177.1875
36.529464132214336 177.1875
42.15313986422044 177.1875
-42.15313986422044 182.8125
-36.529464132214336 182.8125
-30.90705729144059 182.8125
-25.285819362222316 182.8125
-19.66560559419515 182.8125
-14.046232055660166 182.8125
-8.42748270180367 182.8125
-2.8091176502140462 182.8125
2.8091176502140462 182.8125
8.42748270180367 182.8125
14.046232055660166 182.8125
19.665605594195142 182.8125
25.285819362222316 182.8125
30.9070572914406 182.8125
36.529464132214336 182.8125
42.15313986422044 182.8125
-41.87741230453272 188.4375
-36.26464002012332 188.4375
-30.663260121429314 188.4375
-25.0723387611428 188.4375
-19.490552422108824 188.4375
-13.91624079953002 188.4375
-8.347470481467246 188.4375
-2.7821070215021315 188.4375
2.7821070215021315 188.4375
8.347470481467246 188.4375
13.91624079953002 188.4375
19.490552422108816 188.4375
25.0723387611428 188.4375
30.66326012142932 188.4375
36.26464002012332 188.4375
41.87741230453272 188.4375
-41.3214526364924 194.0625
-35.73215423808079 194.0625
-30.174334024924995 194.0625
-24.645212907022042 194.0625
-19.14100485553162 194.0625
-13.657075830111863 194.0625
-8.188119267790603 194.0625
-2.728342219775004 194.0625
2.728342219775004 194.0625
8.188119267790603 194.0625
13.657075830111863 194.0625
19.141004855531612 194.0625
24.645212907022042 194.0625
30.174334024925002 194.0625
35.73215423808079 194.0625
41.3214526364924 194.0625
-40.476307838731564 199.6875
-34.92646870833732 199.6875
-29.437766532441632 199.6875
-24.004231311580213 199.6875
-18.618148961652704 199.6875
-13.270397143721238 199.6875
-7.9507770372424265 199.6875
-2.648334001213316 199.6875
2.648334001213316 199.6875
7.9507770372424265 199.6875
13.270397143721238 199.6875
18.618148961652697 199.6875
24.004231311580213 199.6875
29.43776653244164 199.6875
34.92646870833732 199.6875
40.476307838731564 199.6875
-39.3287272628142 205.3125
-33.83964534581958 205.3125
-28.450178190933425 205.3125
-23.149376657350757 205.3125
-17.92393263511027 205.3125
-12.758754943423874 205.3125
-7.637468942622245 205.3125
-2.5428431060921692 205.3125
2.5428431060921692 205.3125
7.637468942622245 205.3125
12.758754943423874 205.3125
17.923932635110262 205.3125
23.149376657350757 205.3125
28.450178190933432 205.3125
33.83964534581958 205.3125
39.3287272628142 205.3125
-37.86149097482755 210.9375
-32.46186288096057 210.9375
-27.20782031270064 210.9375
-22.0811852443799 210.9375
-17.061260664577347 210.9375
-12.12565608183207 210.9375
-7.250899446968249 210.9375
-2.412873771557961 210.9375
2.412873771557961 210.9375
7.250899446968249 210.9375
12.12565608183207 210.9375
17.061260664577343 210.9375
22.0811852443799 210.9375
27.207820312700647 210.9375
32.46186288096057 210.9375
37.86149097482755 210.9375
-36.05405165070557 216.5625
-30.782227636952683 216.5625
-25.707283219655967 216.5625
-20.801226954695544 216.5625
-16.03424086141661 216.5625
-11.375642953870745 216.5625
-6.794452466402868 216.5625
-2.2596650645717444 216.5625
2.2596650645717444 216.5625
6.794452466402868 216.5625
11.375642953870745 216.5625
16.034240861416603 216.5625
20.801226954695544 216.5625
25.707283219655977 216.5625
30.782227636952683 216.5625
36.05405165070557 216.5625
-33.88368860905972 222.1875
-28.7899742528717 222.1875
-23.946438308157497 222.1875
-19.312695101870816 222.1875
-14.848466621832952 222.1875
-10.514376589981307 222.1875
-6.272187441778288 222.1875
-2.084680032732918 222.1875
2.084680032732918 222.1875
6.272187441778288 222.1875
10.514376589981307 222.1875
14.848466621832944 222.1875
19.312695101870816 222.1875
23.946438308157504 222.1875
28.7899742528717 222.1875
33.88368860905972 222.1875
-33.88368860905972 227.8125
-28.7899742528717 227.8125
-23.946438308157497 227.8125
-19.312695101870816 227.8125
-14.848466621832952 227.8125
-10.514376589981307 227.8125
-6.272187441778288 227.8125
-2.084680032732918 227.8125
2.084680032732918 227.8125
6.272187441778288 227.8125
10.514376589981307 227.8125
14.848466621832944 227.8125
19.312695101870816 227.8125
23.946438308157504 227.8125
28.7899742528717 227.8125
33.88368860905972 227.8125
-36.05405165070557 233.4375
-30.782227636952683 233.4375
-25.707283219655967 233.4375
-20.801226954695544 233.4375
-16.03424086141661 233.4375
-11.375642953870745 233.4375
-6.794452466402868 233.4375
-2.2596650645717444 233.4375
2.2596650645717444 233.4375
6.794452466402868 233.4375
11.375642953870745 233.4375
16.034240861416603 233.4375
20.801226954695544 233.4375
25.707283219655977 233.4375
30.782227636952683 233.4375
36.05405165070557 233.4375
-37.861490974827554 239.0625
-32.46186288096057 239.0625
-27.20782031270064 239.0625
-22.081185244379903 239.0625
-17.061260664577347 239.0625
-12.125656081832071 239.0625
-7.250899446968249 239.0625
-2.4128737715579613 239.0625
2.4128737715579613 239.0625
7.250899446968249 239.0625
12.125656081832071 239.0625
17.061260664577347 239.0625
22.081185244379903 239.0625
27.207820312700655 239.0625
32.46186288096057 239.0625
37.861490974827554 239.0625
-39.3287272628142 244.6875
-33.83964534581958 244.6875
-28.450178190933425 244.6875
-23.149376657350757 244.6875
-17.92393263511027 244.6875
-12.758754943423874 244.6875
-7.637468942622245 244.6875
-2.5428431060921692 244.6875
2.5428431060921692 244.6875
7.637468942622245 244.6875
12.758754943423874 244.6875
17.923932635110262 244.6875
23.149376657350757 244.6875
28.450178190933432 244.6875
33.83964534581958 244.6875
39.3287272628142 244.6875
-40.476307838731564 250.3125
-34.92646870833732 250.3125
-29.437766532441632 250.3125
-24.004231311580213 250.3125
-18.618148961652704 250.3125
-13.270397143721238 250.3125
-7.9507770372424265 250.3125
-2.648334001213316 250.3125
2.648334001213316 250.3125
7.9507770372424265 250.3125
13.270397143721238 250.3125
18.618148961652697 250.3125
24.004231311580213 250.3125
29.43776653244164 250.3125
34.92646870833732 250.3125
40.476307838731564 250.3125
-41.3214526364924 255.9375
-35.73215423808079 255.9375
-30.174334024924995 255.9375
-24.645212907022042 255.9375
-19.14100485553162 255.9375
-13.657075830111863 255.9375
-8.188119267790603 255.9375
-2.728342219775004 255.9375
2.728342219775004 255.9375
8.188119267790603 255.9375
13.657075830111863 255.9375
19.141004855531612 255.9375
24.645212907022042 255.9375
30.174334024925002 255.9375
35.73215423808079 255.9375
41.3214526364924 255.9375
-41.87741230453272 261.5625
-36.26464002012332 261.5625
-30.663260121429314 261.5625
-25.0723387611428 261.5625
-19.490552422108824 261.5625
-13.91624079953002 261.5625
-8.347470481467246 261.5625
-2.7821070215021315 261.5625
2.7821070215021315 261.5625
8.347470481467246 261.5625
13.91624079953002 261.5625
19.490552422108816 261.5625
25.0723387611428 261.5625
30.66326012142932 261.5625
36.26464002012332 261.5625
41.87741230453272 261.5625
-42.15313986422044 267.1875
-36.529464132214336 267.1875
-30.90705729144059 267.1875
-25.285819362222316 267.1875
-19.66560559419515 267.1875
-14.046232055660166 267.1875
-8.42748270180367 267.1875
-2.8091176502140462 267.1875
2.8091176502140462 267.1875
8.42748270180367 267.1875
14.046232055660166 267.1875
19.665605594195142 267.1875
25.285819362222316 267.1875
30.9070572914406 267.1875
36.529464132214336 267.1875
42.15313986422044 267.1875
-42.15313986422044 272.8125
-36.529464132214336 272.8125
-30.90705729144059 272.8125
-25.285819362222316 272.8125
-19.66560559419515 272.8125
-14.046232055660166 272.8125
-8.42748270180367 272.8125
-2.8091176502140462 272.8125
2.8091176502140462 272.8125
8.42748270180367 272.8125
14.046232055660166 272.8125
19.665605594195142 272.8125
25.285819362222316 272.8125
30.9070572914406 272.8125
36.529464132214336 272.8125
42.15313986422044 272.8125
-41.87741230453272 278.4375
-36.26464002012332 278.4375
-30.663260121429314 278.4375
-25.0723387611428 278.4375
-19.490552422108824 278.4375
-13.91624079953002 278.4375
-8.347470481467246 278.4375
-2.7821070215021315 278.4375
2.7821070215021315 278.4375
8.347470481467246 278.4375
13.91624079953002 278.4375
19.490552422108816 278.4375
25.0723387611428 278.4375
30.66326012142932 278.4375
36.26464002012332 278.4375
41.87741230453272 278.4375
-41.3214526364924 284.0625
-35.73215423808079 284.0625
-30.174334024924995 284.0625
-24.645212907022042 284.0625
-19.14100485553162 284.0625
-13.657075830111863 284.0625
-8.188119267790603 284.0625
-2.728342219775004 284.0625
2.728342219775004 284.0625
8.188119267790603 284.0625
13.657075830111863 284.0625
19.141004855531612 284.0625
24.645212907022042 284.0625
30.174334024925002 284.0625
35.73215423808079 284.0625
41.3214526364924 284.0625
-40.476307838731564 289.6875
-34.92646870833732 289.6875
-29.437766532441632 289.6875
-24.004231311580213 289.6875
-18.618148961652704 289.6875
-13.270397143721238 289.6875
-7.9507770372424265 289.6875
-2.648334001213316 289.6875
2.648334001213316 289.6875
7.9507770372424265 289.6875
13.270397143721238 289.6875
18.618148961652697 289.6875
24.004231311580213 289.6875
29.43776653244164 289.6875
34.92646870833732 289.6875
40.476307838731564 289.6875
-39.3287272628142 295.3125
-33.83964534581958 295.3125
-28.450178190933425 295.3125
-23.149376657350757 295.3125
-17.92393263511027 295.3125
-12.758754943423874 295.3125
-7.637468942622245 295.3125
-2.5428431060921692 295.3125
2.5428431060921692 295.3125
7.637468942622245 295.3125
12.758754943423874 295.3125
17.923932635110262 295.3125
23.149376657350757 295.3125
28.450178190933432 295.3125
33.83964534581958 295.3125
39.3287272628142 295.3125
-37.86149097482755 300.9375
-32.46186288096057 300.9375
-27.20782031270064 300.9375
-22.0811852443799 300.9375
-17.061260664577347 300.9375
-12.12565608183207 300.9375
-7.250899446968249 300.9375
-2.412873771557961 300.9375
2.412873771557961 300.9375
7.250899446968249 300.9375
12.12565608183207 300.9375
17.061260664577343 300.9375
22.0811852443799 300.9375
27.207820312700647 300.9375
32.46186288096057 300.9375
37.86149097482755 300.9375
-36.05405165070557 306.5625
-30.782227636952683 306.5625
-25.707283219655967 306.5625
-20.801226954695544 306.5625
-16.03424086141661 306.5625
-11.375642953870745 306.5625
-6.794452466402868 306.5625
-2.2596650645717444 306.5625
2.2596650645717444 306.5625
6.794452466402868 306.5625
11.375642953870745 306.5625
16.034240861416603 306.5625
20.801226954695544 306.5625
25.707283219655977 306.5625
30.782227636952683 306.5625
36.05405165070557 306.5625
-33.88368860905972 312.1875
-28.7899742528717 312.1875
-23.946438308157497 312.1875
-19.312695101870816 312.1875
-14.848466621832952 312.1875
-10.514376589981307 312.1875
-6.272187441778288 312.1875
-2.084680032732918 312.1875
2.084680032732918 312.1875
6.272187441778288 312.1875
10.514376589981307 312.1875
14.848466621832944 312.1875
19.312695101870816 312.1875
23.946438308157504 312.1875
28.7899742528717 312.1875
33.88368860905972 312.1875
-33.88368860905972 317.8125
-28.7899742528717 317.8125
-23.946438308157497 317.8125
-19.312695101870816 317.8125
-14.848466621832952 317.8125
-10.514376589981307 317.8125
-6.272187441778288 317.8125
-2.084680032732918 317.8125
2.084680032732918 317.8125
6.272187441778288 317.8125
10.514376589981307 317.8125
14.848466621832944 317.8125
19.312695101870816 317.8125
23.946438308157504 317.8125
28.7899742528717 317.8125
33.88368860905972 317.8125
-36.05405165070557 323.4375
-30.782227636952683 323.4375
-25.707283219655967 323.4375
-20.801226954695544 323.4375
-16.03424086141661 323.4375
-11.375642953870745 323.4375
-6.794452466402868 323.4375
-2.2596650645717444 323.4375
2.2596650645717444 323.4375
6.794452466402868 323.4375
11.375642953870745 323.4375
16.034240861416603 323.4375
20.801226954695544 323.4375
25.707283219655977 323.4375
30.782227636952683 323.4375
36.05405165070557 323.4375
-37.861490974827554 329.0625
-32.46186288096057 329.0625
-27.20782031270064 329.0625
-22.081185244379903 329.0625
-17.061260664577347 329.0625
-12.125656081832071 329.0625
-7.250899446968249 329.0625
-2.4128737715579613 329.0625
2.4128737715579613 329.0625
7.250899446968249 329.0625
12.125656081832071 329.0625
17.061260664577347 329.0625
22.081185244379903 329.0625
27.207820312700655 329.0625
32.46186288096057 329.0625
37.861490974827554 329.0625
-39.3287272628142 334.6875
-33.83964534581958 334.6875
-28.450178190933425 334.6875
-23.149376657350757 334.6875
-17.92393263511027 334.6875
-12.758754943423874 334.6875
-7.637468942622245 334.6875
-2.5428431060921692 334.6875
2.5428431060921692 334.6875
7.637468942622245 334.6875
12.758754943423874 334.6875
17.923932635110262 334.6875
23.149376657350757 334.6875
28.450178190933432 334.6875
33.83964534581958 334.6875
39.3287272628142 334.6875
-40.476307838731564 340.3125
-34.92646870833732 340.3125
-29.437766532441632 340.3125
-24.004231311580213 340.3125
-18.618148961652704 340.3125
-13.270397143721238 340.3125
-7.9507770372424265 340.3125
-2.648334001213316 340.3125
2.648334001213316 340.3125
7.9507770372424265 340.3125
13.270397143721238 340.3125
18.618148961652697 340.3125
24.004231311580213 340.3125
29.43776653244164 340.3125
34.92646870833732 340.3125
40.476307838731564 340.3125
-41.3214526364924 345.9375
-35.73215423808079 345.9375
-30.174334024924995 345.9375
-24.645212907022042 345.9375
-19.14100485553162 345.9375
-13.657075830111863 345.9375
-8.188119267790603 345.9375
-2.728342219775004 345.9375
2.728342219775004 345.9375
8.188119267790603 345.9375
13.657075830111863 345.9375
19.141004855531612 345.9375
24.645212907022042 345.9375
30.174334024925002 345.9375
35.73215423808079 345.9375
41.3214526364924 345.9375
-41.87741230453272 351.5625
-36.26464002012332 351.5625
-30.663260121429314 351.5625
-25.0723387611428 351.5625
-19.490552422108824 351.5625
-13.91624079953002 351.5625
-8.347470481467246 351.5625
-2.7821070215021315 351.5625
2.7821070215021315 351.5625
8.347470481467246 351.5625
13.91624079953002 351.5625
19.490552422108816 351.5625
25.0723387611428 351.5625
30.66326012142932 351.5625
36.26464002012332 351.5625
41.87741230453272 351.5625
-42.15313986422044 357.1875
-36.529464132214336 357.1875
-30.90705729144059 357.1875
-25.285819362222316 357.1875
-19.66560559419515 357.1875
-14.046232055660166 357.1875
-8.42748270180367 357.1875
-2.8091176502140462 357.1875
2.8091176502140462 357.1875
8.42748270180367 357.1875
14.046232055660166 357.1875
19.665605594195142 357.1875
25.285819362222316 357.1875
30.9070572914406 357.1875
36.529464132214336 357.1875
42.15313986422044 357.1875
-42.15313986422044 2.8125
-36.529464132214336 2.8125
-30.90705729144059 2.8125
-25.285819362222316 2.8125
-19.66560559419515 2.8125
-14.046232055660166 2.8125
-8.42748270180367 2.8125
-2.8091176502140462 2.8125
2.8091176502140462 2.8125
8.42748270180367 2.8125
14.046232055660166 2.8125
19.665605594195142 2.8125
25.285819362222316 2.8125
30.9070572914406 2.8125
36.529464132214336 2.8125
42.15313986422044 2.8125
-41.87741230453272 8.4375
-36.26464002012332 8.4375
-30.663260121429314 8.4375
-25.0723387611428 8.4375
-19.490552422108824 8.4375
-13.91624079953002 8.4375
-8.347470481467246 8.4375
-2.7821070215021315 8.4375
2.7821070215021315 8.4375
8.347470481467246 8.4375
13.91624079953002 8.4375
19.490552422108816 8.4375
25.0723387611428 8.4375
30.66326012142932 8.4375
36.26464002012332 8.4375
41.87741230453272 8.4375
-41.3214526364924 14.0625
-35.73215423808079 14.0625
-30.174334024924995 14.0625
-24.645212907022042 14.0625
-19.14100485553162 14.0625
-13.657075830111863 14.0625
-8.188119267790603 14.0625
-2.728342219775004 14.0625
2.728342219775004 14.0625
8.188119267790603 14.0625
13.657075830111863 14.0625
19.141004855531612 14.0625
24.645212907022042 14.0625
30.174334024925002 14.0625
35.73215423808079 14.0625
41.3214526364924 14.0625
-40.476307838731564 19.68749999999997
-34.92646870833732 19.68749999999997
-29.437766532441632 19.68749999999997
-24.004231311580213 19.68749999999997
-18.618148961652704 19.68749999999997
-13.270397143721238 19.68749999999997
-7.9507770372424265 19.68749999999997
-2.648334001213316 19.68749999999997
2.648334001213316 19.68749999999997
7.9507770372424265 19.68749999999997
13.270397143721238 19.68749999999997
18.618148961652697 19.68749999999997
24.004231311580213 19.68749999999997
29.43776653244164 19.68749999999997
34.92646870833732 19.68749999999997
40.476307838731564 19.68749999999997
-39.3287272628142 25.3125
-33.83964534581958 25.3125
-28.450178190933425 25.3125
-23.149376657350757 25.3125
-17.92393263511027 25.3125
-12.758754943423874 25.3125
-7.637468942622245 25.3125
-2.5428431060921692 25.3125
2.5428431060921692 25.3125
7.637468942622245 25.3125
12.758754943423874 25.3125
17.923932635110262 25.3125
23.149376657350757 25.3125
28.450178190933432 25.3125
33.83964534581958 25.3125
39.3287272628142 25.3125
-37.86149097482755 30.9375
-32.46186288096057 30.9375
-27.20782031270064 30.9375
-22.0811852443799 30.9375
-17.061260664577347 30.9375
-12.12565608183207 30.9375
-7.250899446968249 30.9375
-2.412873771557961 30.9375
2.412873771557961 30.9375
7.250899446968249 30.9375
12.12565608183207 30.9375
17.061260664577343 30.9375
22.0811852443799 30.9375
27.207820312700647 30.9375
32.46186288096057 30.9375
37.86149097482755 30.9375
-36.05405165070557 36.5625
-30.782227636952683 36.5625
-25.707283219655967 36.5625
-20.801226954695544 36.5625
-16.03424086141661 36.5625
-11.375642953870745 36.5625
-6.794452466402868 36.5625
-2.2596650645717444 36.5625
2.2596650645717444 36.5625
6.794452466402868 36.5625
11.375642953870745 36.5625
16.034240861416603 36.5625
20.801226954695544 36.5625
25.707283219655977 36.5625
30.782227636952683 36.5625
36.05405165070557 36.5625
-33.88368860905972 42.1875
-28.7899742528717 42.1875
-23.946438308157497 42.1875
-19.312695101870816 42.1875
-14.848466621832952 42.1875
-10.514376589981307 42.1875
-6.272187441778288 42.1875
-2.084680032732918 42.1875
2.084680032732918 42.1875
6.272187441778288 42.1875
10.514376589981307 42.1875
14.848466621832944 42.1875
19.312695101870816 42.1875
23.946438308157504 42.1875
28.7899742528717 42.1875
33.88368860905972 42.1875
-33.88368860905972 47.8125
-28.7899742528717 47.8125
-23.946438308157497 47.8125
-19.312695101870816 47.8125
-14.848466621832952 47.8125
-10.514376589981307 47.8125
-6.272187441778288 47.8125
-2.084680032732918 47.8125
2.084680032732918 47.8125
6.272187441778288 47.8125
10.514376589981307 47.8125
14.848466621832944 47.8125
19.312695101870816 47.8125
23.946438308157504 47.8125
28.7899742528717 47.8125
33.88368860905972 47.8125
-36.05405165070557 53.43750000000003
-30.782227636952683 53.43750000000003
-25.707283219655967 53.43750000000003
-20.801226954695544 53.43750000000003
-16.03424086141661 53.43750000000003
-11.375642953870745 53.43750000000003
-6.794452466402868 53.43750000000003
-2.2596650645717444 53.43750000000003
2.2596650645717444 53.43750000000003
6.794452466402868 53.43750000000003
11.375642953870745 53.43750000000003
16.034240861416603 53.43750000000003
20.801226954695544 53.43750000000003
25.707283219655977 53.43750000000003
30.782227636952683 53.43750000000003
36.05405165070557 53.43750000000003
-37.861490974827554 59.0625
-32.46186288096057 59.0625
-27.20782031270064 59.0625
-22.081185244379903 59.0625
-17.061260664577347 59.0625
-12.125656081832071 59.0625
-7.250899446968249 59.0625
-2.4128737715579613 59.0625
2.4128737715579613 59.0625
7.250899446968249 59.0625
12.125656081832071 59.0625
17.061260664577347 59.0625
22.081185244379903 59.0625
27.207820312700655 59.0625
32.46186288096057 59.0625
37.861490974827554 59.0625
-39.3287272628142 64.68749999999999
-33.83964534581958 64.68749999999999
-28.450178190933425 64.68749999999999
-23.149376657350757 64.68749999999999
-17.92393263511027 64.68749999999999
-12.758754943423874 64.68749999999999
-7.637468942622245 64.68749999999999
-2.5428431060921692 64.68749999999999
2.5428431060921692 64.68749999999999
7.637468942622245 64.68749999999999
12.758754943423874 64.68749999999999
17.923932635110262 64.68749999999999
23.149376657350757 64.68749999999999
28.450178190933432 64.68749999999999
33.83964534581958 64.68749999999999
39.3287272628142 64.68749999999999
-40.476307838731564 70.31250000000001
-34.92646870833732 70.31250000000001
-29.437766532441632 70.31250000000001
-24.004231311580213 70.31250000000001
-18.618148961652704 70.31250000000001
-13.270397143721238 70.31250000000001
-7.9507770372424265 70.31250000000001
-2.648334001213316 70.31250000000001
2.648334001213316 70.31250000000001
7.9507770372424265 70.31250000000001
13.270397143721238 70.31250000000001
18.618148961652697 70.31250000000001
24.004231311580213 70.31250000000001
29.43776653244164 70.31250000000001
34.92646870833732 70.31250000000001
40.476307838731564 70.31250000000001
-41.3214526364924 75.9375
-35.73215423808079 75.9375
-30.174334024924995 75.9375
-24.645212907022042 75.9375
-19.14100485553162 75.9375
-13.657075830111863 75.9375
-8.188119267790603 75.9375
-2.728342219775004 75.9375
2.728342219775004 75.9375
8.188119267790603 75.9375
13.657075830111863 75.9375
19.141004855531612 75.9375
24.645212907022042 75.9375
30.174334024925002 75.9375
35.73215423808079 75.9375
41.3214526364924 75.9375
-41.87741230453272 81.56249999999997
-36.26464002012332 81.56249999999997
-30.663260121429314 81.56249999999997
-25.0723387611428 81.56249999999997
-19.490552422108824 81.56249999999997
-13.91624079953002 81.56249999999997
-8.347470481467246 81.56249999999997
-2.7821070215021315 81.56249999999997
2.7821070215021315 81.56249999999997
8.347470481467246 81.56249999999997
13.91624079953002 81.56249999999997
19.490552422108816 81.56249999999997
25.0723387611428 81.56249999999997
30.66326012142932 81.56249999999997
36.26464002012332 81.56249999999997
41.87741230453272 81.56249999999997
-42.15313986422044 87.18750000000001
-36.529464132214336 87.18750000000001
-30.90705729144059 87.18750000000001
-25.285819362222316 87.18750000000001
-19.66560559419515 87.18750000000001
-14.046232055660166 87.18750000000001
-8.42748270180367 87.18750000000001
-2.8091176502140462 87.18750000000001
2.8091176502140462 87.18750000000001
8.42748270180367 87.18750000000001
14.046232055660166 87.18750000000001
19.665605594195142 87.18750000000001
25.285819362222316 87.18750000000001
30.9070572914406 87.18750000000001
36.529464132214336 87.18750000000001
42.15313986422044 87.18750000000001
-42.15313986422044 92.81249999999999
-36.529464132214336 92.81249999999999
-30.90705729144059 92.81249999999999
-25.285819362222316 92.81249999999999
-19.66560559419515 92.81249999999999
-14.046232055660166 92.81249999999999
-8.42748270180367 92.81249999999999
-2.8091176502140462 92.81249999999999
2.8091176502140462 92.81249999999999
8.42748270180367 92.81249999999999
14.046232055660166 92.81249999999999
19.665605594195142 92.81249999999999
25.285819362222316 92.81249999999999
30.9070572914406 92.81249999999999
36.529464132214336 92.81249999999999
42.15313986422044 92.81249999999999
-41.87741230453272 98.43750000000003
-36.26464002012332 98.43750000000003
-30.663260121429314 98.43750000000003
-25.0723387611428 98.43750000000003
-19.490552422108824 98.43750000000003
-13.91624079953002 98.43750000000003
-8.347470481467246 98.43750000000003
-2.7821070215021315 98.43750000000003
2.7821070215021315 98.43750000000003
8.347470481467246 98.43750000000003
13.91624079953002 98.43750000000003
19.490552422108816 98.43750000000003
25.0723387611428 98.43750000000003
30.66326012142932 98.43750000000003
36.26464002012332 98.43750000000003
41.87741230453272 98.43750000000003
-41.3214526364924 104.0625
-35.73215423808079 104.0625
-30.174334024924995 104.0625
-24.645212907022042 104.0625
-19.14100485553162 104.0625
-13.657075830111863 104.0625
-8.188119267790603 104.0625
-2.728342219775004 104.0625
2.728342219775004 104.0625
8.188119267790603 104.0625
13.657075830111863 104.0625
19.141004855531612 104.0625
24.645212907022042 104.0625
30.174334024925002 104.0625
35.73215423808079 104.0625
41.3214526364924 104.0625
-40.476307838731564 109.68749999999999
-34.92646870833732 109.68749999999999
-29.437766532441632 109.68749999999999
-24.004231311580213 109.68749999999999
-18.618148961652704 109.68749999999999
-13.270397143721238 109.68749999999999
-7.9507770372424265 109.68749999999999
-2.648334001213316 109.68749999999999
2.648334001213316 109.68749999999999
7.9507770372424265 109.68749999999999
13.270397143721238 109.68749999999999
18.618148961652697 109.68749999999999
24.004231311580213 109.68749999999999
29.43776653244164 109.68749999999999
34.92646870833732 109.68749999999999
40.476307838731564 109.68749999999999
-39.3287272628142 115.31250000000001
-33.83964534581958 115.31250000000001
-28.450178190933425 115.31250000000001
-23.149376657350757 115.31250000000001
-17.92393263511027 115.31250000000001
-12.758754943423874 115.31250000000001
-7.637468942622245 115.31250000000001
-2.5428431060921692 115.31250000000001
2.5428431060921692 115.31250000000001
7.637468942622245 115.31250000000001
12.758754943423874 115.31250000000001
17.923932635110262 115.31250000000001
23.149376657350757 115.31250000000001
28.450178190933432 115.31250000000001
33.83964534581958 115.31250000000001
39.3287272628142 115.31250000000001
-37.86149097482755 120.9375
-32.46186288096057 120.9375
-27.20782031270064 120.9375
-22.0811852443799 120.9375
-17.061260664577347 120.9375
-12.12565608183207 120.9375
-7.250899446968249 120.9375
-2.412873771557961 120.9375
2.412873771557961 120.9375
7.250899446968249 120.9375
12.12565608183207 120.9375
17.061260664577343 120.9375
22.0811852443799 120.9375
27.207820312700647 120.9375
32.46186288096057 120.9375
37.86149097482755 120.9375
-36.05405165070557 126.56249999999997
-30.782227636952683 126.56249999999997
-25.707283219655967 126.56249999999997
-20.801226954695544 126.56249999999997
-16.03424086141661 126.56249999999997
-11.375642953870745 126.56249999999997
-6.794452466402868 126.56249999999997
-2.2596650645717444 126.56249999999997
2.2596650645717444 126.56249999999997
6.794452466402868 126.56249999999997
11.375642953870745 126.56249999999997
16.034240861416603 126.56249999999997
20.801226954695544 126.56249999999997
25.707283219655977 126.56249999999997
30.782227636952683 126.56249999999997
36.05405165070557 126.56249999999997
-33.88368860905972 132.1875
-28.7899742528717 132.1875
-23.946438308157497 132.1875
-19.312695101870816 132.1875
-14.848466621832952 132.1875
-10.514376589981307 132.1875
-6.272187441778288 132.1875
-2.084680032732918 132.1875
2.084680032732918 132.1875
6.272187441778288 132.1875
10.514376589981307 132.1875
14.848466621832944 132.1875
19.312695101870816 132.1875
23.946438308157504 132.1875
28.7899742528717 132.1875
33.88368860905972 132.1875
37.96036132986671 135.0
40.493582343278035 129.29295754180052
42.6231998486934 123.47708413064771
44.367351092489784 117.55718372444497
45.74232911169454 111.54300514139014
46.761620951617054 105.449189884874
47.435460828041826 99.29482516251818
47.77067760663615 93.1025742984195
47.77067760663615 86.8974257015805
47.435460828041826 80.70517483748179
46.761620951617054 74.550810115126
45.74232911169454 68.45699485860986
44.367351092489784 62.44281627555503
42.6231998486934 56.5229158693523
40.493582343278035 50.70704245819948
37.96036132986671 45.0
40.493582343278035 140.70704245819945
43.6341142423049 135.0
46.361438589068385 128.9439733914059
48.66431419554569 122.52643880477163
50.530239766835855 115.75476072297432
51.94585622906615 108.66201476939567
52.89835205630875 101.31036913046078
53.377469311591234 93.78972977712665
53.377469311591234 86.21027022287336
52.89835205630875 78.68963086953923
51.94585622906615 71.33798523060435
50.530239766835855 64.2452392770257
48.66431419554569 57.4735611952284
46.361438589068385 51.056026608594095
43.6341142423049 45.0
40.493582343278035 39.29295754180052
42.6231998486934 146.5229158693523
46.361438589068385 141.0560266085941
49.71382294085701 135.0
52.637883550659936 128.2767611660886
55.082926954708604 120.83562931208641
56.99174222429072 112.68064728989145
58.30634845762022 103.90046771547506
58.97785182230652 94.68567127597967
58.97785182230652 85.3143287240203
58.30634845762022 76.09953228452493
56.99174222429072 67.31935271010852
55.082926954708604 59.16437068791359
52.637883550659936 51.72323883391138
49.713822940857 45.0
46.361438589068385 38.943973391405905
42.6231998486934 33.47708413064768
44.367351092489784 152.44281627555503
48.66431419554569 147.47356119522837
52.637883550659936 141.7232388339114
56.222496530554594 135.0
59.329499762530915 127.10811162095017
61.84429555719548 117.90614992173789
63.63327800148665 107.4129946633079
64.56847614271236 95.93004706997826
64.56847614271236 84.06995293002174
63.63327800148665 72.5870053366921
61.84429555719548 62.09385007826212
59.32949976253093 52.89188837904986
56.222496530554594 45.0
52.63788355065993 38.27676116608859
48.66431419554569 32.52643880477163
44.367351092489784 27.557183724444968
45.74232911169454 158.45699485860985
50.530239766835855 154.2452392770257
55.082926954708604 149.1643706879136
59.329499762530915 142.89188837904982
63.15996453241914 135.0
66.40570395330082 124.99448713761288
68.82686428876455 112.5174935637251
70.14217884747504 97.8178492058575
70.14217884747504 82.1821507941425
68.82686428876455 67.48250643627492
66.40570395330082 55.00551286238711
63.15996453241914 45.0
59.329499762530915 37.108111620950154
55.0829269547086 30.83562931208641
50.530239766835855 25.75476072297431
45.74232911169454 21.543005141390154
46.761620951617054 164.55081011512598
51.94585622906615 161.33798523060432
56.99174222429071 157.31935271010855
61.84429555719548 152.0938500782621
66.40570395330082 145.0055128623871
70.49371350263507 135.0
73.76898964789379 120.63361253155082
75.68051464992324 101.09631324919452
75.68051464992324 78.90368675080545
73.76898964789379 59.366387468449204
70.49371350263507 45.0
66.40570395330082 34.99448713761291
61.84429555719548 27.90614992173792
56.991742224290704 22.680647289891454
51.94585622906615 18.662014769395682
46.761620951617054 15.449189884874016
47.435460828041826 170.70517483748182
52.89835205630875 168.6896308695392
58.30634845762022 166.09953228452494
63.63327800148665 162.5870053366921
68.82686428876455 157.4825064362749
73.76898964789379 149.36638746844918
78.15236183753595 135.0
81.11881287217938 108.324164258531
81.11881287217938 71.67583574146899
78.15236183753595 45.0
73.76898964789379 30.633612531550824
68.82686428876455 22.51749356372511
63.63327800148665 17.4129946633079
58.3063484576202 13.90046771547506
52.89835205630875 11.3103691304608
47.435460828041826 9.29482516251818
47.77067760663615 176.89742570158052
53.377469311591234 176.21027022287333
58.97785182230652 175.31432872402033
64.56847614271236 174.06995293002174
70.14217884747504 172.1821507941425
75.68051464992324 168.9036867508055
81.11881287217938 161.675835741469
86.02571288166732 135.0
86.02571288166732 45.0
81.11881287217938 18.324164258531027
75.68051464992324 11.096313249194537
70.14217884747505 7.817849205857499
64.56847614271236 5.930047069978258
58.977851822306505 4.685671275979672
53.377469311591234 3.7897297771266665
47.77067760663615 3.102574298419512
47.77067760663615 183.10257429841948
53.377469311591234 183.78972977712667
58.97785182230652 184.68567127597967
64.56847614271236 185.93004706997826
70.14217884747504 187.8178492058575
75.68051464992324 191.0963132491945
81.11881287217938 198.324164258531
86.02571288166732 225.0
86.02571288166732 315.0
81.11881287217938 341.675835741469
75.68051464992324 348.9036867508055
70.14217884747505 352.1821507941425
64.56847614271236 354.0699529300217
58.977851822306505 355.31432872402036
53.377469311591234 356.2102702228733
47.77067760663615 356.89742570158046
47.435460828041826 189.29482516251818
52.89835205630875 191.3103691304608
58.30634845762022 193.90046771547506
63.63327800148665 197.4129946633079
68.82686428876455 202.5174935637251
73.76898964789379 210.63361253155082
78.15236183753595 225.0
81.11881287217938 251.675835741469
81.11881287217938 288.324164258531
78.15236183753595 315.0
73.76898964789379 329.36638746844915
68.82686428876455 337.4825064362749
63.63327800148665 342.5870053366921
58.3063484576202 346.0995322845249
52.89835205630875 348.6896308695392
47.435460828041826 350.7051748374818
46.761620951617054 195.44918988487402
51.94585622906615 198.66201476939568
56.99174222429071 202.68064728989145
61.84429555719548 207.9061499217379
66.40570395330082 214.9944871376129
70.49371350263507 225.0
73.76898964789379 239.36638746844918
75.68051464992324 258.9036867508055
75.68051464992324 281.0963132491945
73.76898964789379 300.63361253155085
70.49371350263507 315.0
66.40570395330082 325.0055128623871
61.84429555719548 332.0938500782621
56.991742224290704 337.31935271010855
51.94585622906615 341.3379852306043
46.761620951617054 344.55081011512596
45.74232911169454 201.54300514139015
50.530239766835855 205.7547607229743
55.082926954708604 210.8356293120864
59.32949976253093 217.10811162095015
63.15996453241914 225.0
66.40570395330082 235.0055128623871
68.82686428876455 247.4825064362749
70.14217884747505 262.1821507941425
70.14217884747505 277.8178492058575
68.82686428876455 292.5174935637251
66.40570395330082 304.9944871376129
63.15996453241914 315.0
59.32949976253093 322.8918883790499
55.0829269547086 329.16437068791356
50.530239766835855 334.2452392770257
45.74232911169454 338.45699485860985
44.367351092489784 207.55718372444497
48.66431419554569 212.52643880477163
52.637883550659936 218.2767611660886
56.222496530554594 225.0
59.329499762530915 232.89188837904982
61.84429555719548 242.0938500782621
63.63327800148665 252.5870053366921
64.56847614271236 264.0699529300217
64.56847614271236 275.9300470699783
63.63327800148665 287.4129946633079
61.84429555719548 297.9061499217379
59.32949976253093 307.1081116209502
56.222496530554594 315.0
52.63788355065993 321.7232388339114
48.66431419554569 327.4735611952284
44.367351092489784 332.44281627555506
42.623199848693396 213.4770841306477
46.36143858906838 218.94397339140593
49.713822940857 225.0
52.63788355065993 231.7232388339114
55.0829269547086 239.1643706879136
56.991742224290704 247.31935271010855
58.3063484576202 256.0995322845249
58.977851822306505 265.31432872402036
58.977851822306505 274.68567127597964
58.3063484576202 283.90046771547503
56.991742224290704 292.68064728989145
55.0829269547086 300.83562931208644
52.63788355065993 308.2767611660886
49.71382294085699 315.0
46.36143858906838 321.05602660859404
42.623199848693396 326.5229158693523
40.493582343278035 219.29295754180055
43.6341142423049 225.0
46.361438589068385 231.0560266085941
48.66431419554569 237.47356119522837
50.530239766835855 244.2452392770257
51.94585622906615 251.33798523060432
52.89835205630875 258.6896308695392
53.377469311591234 266.21027022287336
53.377469311591234 273.78972977712664
52.89835205630875 281.3103691304608
51.94585622906615 288.6620147693957
50.530239766835855 295.7547607229743
48.66431419554569 302.5264388047716
46.361438589068385 308.9439733914059
43.6341142423049 315.0
40.493582343278035 320.70704245819945
37.96036132986671 225.0
40.493582343278035 230.70704245819948
42.6231998486934 236.5229158693523
44.367351092489784 242.44281627555503
45.74232911169454 248.45699485860985
46.761620951617054 254.550810115126
47.435460828041826 260.7051748374818
47.77067760663615 266.8974257015805
47.77067760663615 273.1025742984195
47.435460828041826 279.2948251625182
46.761620951617054 285.449189884874
45.74232911169454 291.54300514139015
44.367351092489784 297.55718372444494
42.6231998486934 303.4770841306477
40.493582343278035 309.29295754180055
37.96036132986671 315.0
